,sleep_duration,midsleep_hhmm,screen:screen_use_durationtotal:allday,user
0,6.833333333333333,26.7,13300.303000451,0xpBKXpjmT2Z
0,5.833333333333333,28.03333333333333,9990.588998796,B_Im_-jpBQUk
0,6.583333333333333,26.53333333333333,11529.089000935,GcZ27mtxU4qO
0,6.166666666666667,28.166666666666668,14400.53499913,Gq5JcPdzhkpL
0,4.833333333333333,29.2,915.447999718,IMbZFmhAWLrd
0,5.083333333333333,30.03333333333333,11686.307000877,RO9MDopzUfHo
0,5.416666666666667,27.95,5066.107000109,RVjtsqp3YdQY
0,6.0,28.166666666666668,3798.548000337,SATFc0U1XHrJ
0,7.416666666666667,29.2,77.952999114,c92RUDpQdRsV
0,9.333333333333334,26.666666666666668,5004.809999465,lb983ODxEFUD
0,7.583333333333333,27.666666666666668,11321.999000312,pu8i4FBr2FYV
0,6.75,27.78333333333333,13555.560999392,rkFen2Hs6Lbo
0,7.25,28.45,11687.301998857,wAzQNrdKZZax
0,6.833333333333333,24.78333333333333,9685.6309998,0xNpSktSAvGC
0,8.166666666666666,27.95,8787.381000041,1AdLnqvRKUwe
0,11.666666666666666,26.2,1970.7969999310003,1Tbqftq0Kmbl
0,8.916666666666666,28.0,453.637000321,2NtvG4WqOd1S
0,10.083333333333334,26.916666666666668,3595.609999419,3noC1OdWbTjA
0,8.416666666666666,28.25,9479.072999719,6hZYX2-v01dQ
0,11.75,27.75,1406.792999742,6t6vo19UzH3U
0,3.9166666666666665,26.5,2848.82499981,75wfB613llIF
0,9.416666666666666,28.2,251.047999859,8AOxaHs8cHVh
0,8.166666666666666,28.58333333333333,13925.133000135,9gU8F_EbqNTI
0,7.583333333333333,27.08333333333333,969.838999987,C3P6M8jAbzWq
0,7.416666666666667,27.78333333333333,12408.175000668,DrwEUleq8nK5
0,9.583333333333334,28.28333333333333,14723.27499938,E-aEppP2jQK7
0,10.5,27.416666666666668,5045.176999573,EsgBr1bwAc8a
0,9.166666666666666,26.866666666666667,5290.385001185,G4tweE3RMlll
0,10.166666666666666,27.75,4068.160999058,I7I9bnd0e0P-
0,4.583333333333333,31.53333333333333,4750.338999509,IeZo88vX7BB-
0,7.666666666666667,26.33333333333333,18184.16800046,J1cfSjiD0iD9
0,8.416666666666666,27.08333333333333,9667.577999593,JJR5thfYOcRY
0,8.583333333333334,26.58333333333333,12748.628999711,K_jQK-IT62av
0,6.833333333333333,28.83333333333333,3506.305999515,KikOpB4mc47M
0,7.666666666666667,30.78333333333333,17357.684999227,NPshfNiPmvKU
0,4.833333333333333,29.78333333333333,8218.88399982,NUGjTNA9vZOv
0,6.916666666666667,26.416666666666668,5493.071000338,RazDc_79nWZc
0,6.0,25.78333333333333,12922.22200036,U5cKPUTMu0fs
0,8.75,27.166666666666668,17979.93900037,W6WhLTeFA3RT
0,6.583333333333333,28.58333333333333,6280.316000463999,WplWVzXa7_-s
0,5.833333333333333,31.866666666666667,2520.625999694,Z750C1y6MME4
0,8.833333333333334,27.58333333333333,7050.725000618,ZTbRQ4Mm2_kj
0,3.75,27.166666666666668,9326.966000322,lKUhv-oYWFvl
0,8.666666666666666,27.28333333333333,9438.96699929,lMmhJTDCgm3t
0,7.416666666666667,26.0,17524.96899867,lvDe4shcgoHW
0,6.833333333333333,26.53333333333333,10130.774000168,p4Vfk9051RL9
0,7.666666666666667,28.03333333333333,15759.209001063,pmJ-knUGHbqs
0,8.916666666666666,26.616666666666667,7623.069000245,qOGaFEyNVUMh
0,4.333333333333333,27.58333333333333,14733.368000746,sr_IriQZ3z4W
0,11.0,27.83333333333333,3449.8039999,tAUaiiNNwGl7
0,9.25,27.166666666666668,7183.770000461,u8wYJkDYmiMT
0,6.5,28.916666666666668,12340.089000699,vC2-2ajT7-1L
0,8.75,26.58333333333333,7896.649000649,wuYxxSDu6JY4
0,9.166666666666666,28.416666666666668,9196.523000002,wxzd30CsS09m
0,7.083333333333333,27.58333333333333,8660.868000984,xugipY9dFxt4
0,8.416666666666666,29.33333333333333,6480.381999724999,zO6UTTlQxLNJ
0,11.333333333333334,27.666666666666668,11531.835000517,5U61OcE1cgW_
0,9.25,27.53333333333333,9659.951998948,7ov4Ahb_Kg1n
0,4.666666666666667,28.53333333333333,5549.044999596999,Eb8jpyFRgQvK
0,4.5,27.25,5016.513000012001,EcDBPfOd-tji
0,7.833333333333333,26.166666666666668,6136.745999813,HDpA00dUifZ5
0,6.833333333333333,29.116666666666667,6043.706000328,OGyBAH59J-Wt
0,8.583333333333334,26.366666666666667,12656.905999896,Xg-KpXjUe4mI
0,8.666666666666666,27.616666666666667,9018.434999467,bOSChw4Ipatb
0,5.5,30.03333333333333,12770.541999105,mJ5Dhkgw-Gtx
0,7.5,28.616666666666667,8230.337999823001,pWvgwtV_oAb2
0,7.083333333333333,27.116666666666667,1127.504999639,-N2FwY4uC3d7
0,7.583333333333333,26.58333333333333,10209.555000549,5DWiLmu6c6u7
0,4.833333333333333,25.866666666666667,8774.157000307,7kH-L_CWn-kl
0,7.083333333333333,25.58333333333333,11375.852001427,AZTAlvGEkfe8
0,9.166666666666666,27.33333333333333,4490.756999017,IZr3eFPWcYod
0,7.0,27.616666666666667,7586.365999703999,JRmdtSaUsFUc
0,6.666666666666667,30.75,10956.020999674,L7VskiPwLo54
0,5.583333333333333,26.116666666666667,14230.750999453,MNOjIfAeZSV4
0,6.583333333333333,27.616666666666667,9094.553999424,OP_J184Pjo-u
0,7.166666666666667,25.666666666666668,4018.355999947,PuVT9SuHD_RF
0,8.333333333333334,26.916666666666668,6022.95000005,QvjcDKzUYGbN
0,4.083333333333333,27.53333333333333,10394.845000267,T2iKQFAiXP15
0,5.25,26.58333333333333,14200.778999089,dABMUddbdoar
0,6.666666666666667,26.45,7391.481999871999,dMW3MgX0wLkI
0,8.5,27.5,13514.643000835,mxXGOhMcEVDz
0,7.5,26.5,533.2339997290001,nCbyPkFIqL-1
0,7.416666666666667,29.33333333333333,16563.704999445,ne-I5IYgSnrX
0,4.166666666666667,29.25,11172.383999345,o67VPudEvTUh
0,9.083333333333334,25.83333333333333,4755.247000217,qTCArgn2nF4J
0,7.5,26.53333333333333,10863.901999714,tZc-k6nnwAxS
