,sleep_duration,midsleep_hhmm,screen:screen_use_durationtotal:allday,user
0,4.583333333333333,27.166666666666668,10272.0,10006482017998845154
0,7.166666666666667,25.83333333333333,10485.0,10015360721810075497
0,11.916666666666666,26.666666666666668,1448.0,10023064388552583547
0,6.166666666666667,27.58333333333333,13907.0,10025200474955627290
0,8.25,26.53333333333333,2284.0,10033784408945437200
0,7.5,27.7,6577.0,10054529212028326076
0,8.166666666666666,27.28333333333333,15372.0,10080946026873237725
0,7.916666666666667,26.78333333333333,4927.0,10083189897538910676
0,7.583333333333333,26.08333333333333,3660.0,10124751438547209292
0,6.75,27.53333333333333,6365.0,10131243076255663704
0,8.416666666666666,27.0,1860.0,10180597834334806150
0,6.833333333333333,27.25,4411.0,10185447404309340055
0,4.5,17.366666666666667,2127.0,10188887375040017702
0,5.333333333333333,26.83333333333333,13848.0,10229773578973373491
0,7.25,26.83333333333333,9681.0,10251303337979887120
0,7.166666666666667,26.03333333333333,6808.0,10267235808015800433
0,7.583333333333333,27.416666666666668,7820.0,10271336135764354095
0,9.916666666666666,19.95,2075.0,10276707208389275657
0,7.833333333333333,26.95,2469.0,10296227519812419084
0,5.75,25.78333333333333,14742.0,10332496729241043514
0,8.0,27.45,9562.0,10356115975484035146
0,5.333333333333333,27.2,12084.0,10361127686862489313
0,4.0,28.45,17552.0,10371803919951798113
0,8.166666666666666,26.95,9006.0,10372534169402873308
0,7.666666666666667,26.83333333333333,11491.0,10380726990357439272
0,7.5,26.366666666666667,2436.0,10383361249394530322
0,5.333333333333333,26.45,6185.0,10386539535195035903
0,4.666666666666667,28.916666666666668,12033.0,10387610381996061695
0,8.25,27.116666666666667,11535.0,10391581187184846959
0,5.666666666666667,26.53333333333333,10241.0,10394753931429650899
0,8.416666666666666,26.45,2980.0,10427331732030212093
0,7.916666666666667,26.366666666666667,7745.0,10439117077451641565
0,8.916666666666666,26.2,13019.0,10444991998136247269
0,6.0,31.366666666666667,5706.0,10452652487998149812
0,8.666666666666666,26.666666666666668,6445.0,10459010943851519590
0,7.833333333333333,27.616666666666667,2575.0,10518970178435958115
0,5.083333333333333,27.666666666666668,13218.0,10522447337976294976
0,9.083333333333334,24.616666666666667,1854.0,10533678634222812308
0,9.0,26.666666666666668,7477.0,10533864198812106406
0,7.0,26.166666666666668,5572.0,10573207566091983793
0,7.083333333333333,27.58333333333333,6094.0,10599949989215054422
0,8.083333333333334,26.53333333333333,5002.0,10613787827829994163
0,7.0,27.916666666666668,11011.0,10677173615292582436
0,6.666666666666667,25.916666666666668,16687.0,10696355564604760435
0,8.083333333333334,26.2,7720.0,10724429366847933813
0,8.083333333333334,26.866666666666667,14401.0,10735253117254886773
0,5.25,27.33333333333333,7764.0,10739894405646134245
0,4.0,28.0,19971.0,10751444191368504640
0,6.333333333333333,25.866666666666667,3069.0,10752970040580693324
0,4.666666666666667,26.45,14231.0,10780081909989974884
0,9.0,19.45,0.0,10782528741295638425
0,6.583333333333333,26.83333333333333,12449.0,10799191935383703353
0,8.5,26.33333333333333,4423.0,10806377045013041963
0,6.916666666666667,27.0,11482.0,10816233753882825481
0,9.333333333333334,26.08333333333333,5988.0,10822144903260190755
0,8.666666666666666,26.03333333333333,4478.0,10857027653196348861
0,4.5,28.95,6354.0,10867611147910753243
0,7.166666666666667,26.866666666666667,12311.0,10896617031346254948
0,6.75,28.2,17402.0,10906155301272764331
0,8.0,26.58333333333333,5462.0,10908181845788108295
0,7.25,26.666666666666668,7222.0,10923945604697554625
0,7.0,26.866666666666667,10159.0,10934585165306461939
0,7.416666666666667,26.166666666666668,10785.0,10958499575344033308
0,6.333333333333333,26.08333333333333,7533.0,10963545813178772006
0,5.666666666666667,28.116666666666667,12047.0,10963831738558025706
0,5.083333333333333,28.25,14602.0,10968756047824078531
0,8.083333333333334,25.53333333333333,10913.0,10972225365693535066
0,6.5,29.2,8294.0,10976591035081530111
0,5.666666666666667,26.166666666666668,9120.0,10999954548538868923
0,7.0,25.366666666666667,11951.0,11001448027740653288
0,6.833333333333333,27.2,970.0,11003939704539909106
0,8.083333333333334,26.75,6556.0,11046345802021463410
0,3.583333333333333,26.116666666666667,12317.0,11049835262840569530
0,8.5,26.53333333333333,3934.0,11057135415247657643
0,10.25,26.58333333333333,3560.0,11104593526451055549
0,6.666666666666667,25.83333333333333,17334.0,11125231038957490896
0,6.833333333333333,26.03333333333333,4290.0,11128806432058221816
0,7.333333333333333,26.75,13301.0,11137069575537738178
0,7.416666666666667,25.666666666666668,11618.0,11138612929668356701
0,5.833333333333333,27.5,3457.0,11138690135815004830
0,7.416666666666667,28.0,14778.0,11156103277197680506
0,6.75,27.866666666666667,10133.0,11192138298778119922
0,5.583333333333333,27.83333333333333,1836.0,11199608693464069986
0,4.833333333333333,27.366666666666667,2295.0,11210852005124402091
0,8.666666666666666,27.28333333333333,4352.0,11235351093687703851
0,7.416666666666667,28.08333333333333,6071.0,11245656127452788300
0,6.166666666666667,26.78333333333333,14989.0,11260127088128216290
0,7.916666666666667,18.916666666666668,34.0,11267914386702743108
0,3.8333333333333335,28.416666666666668,15168.0,11283787223007258371
0,7.333333333333333,28.53333333333333,15825.0,11293937460610680260
0,6.583333333333333,27.7,3671.0,11312308585007079101
0,5.75,28.916666666666668,11856.0,11331665029078486669
0,7.916666666666667,27.916666666666668,10270.0,11353826729494573563
0,7.333333333333333,25.45,10605.0,11361053415514373258
0,7.083333333333333,27.166666666666668,10716.0,11369376360737581252
0,6.416666666666667,27.416666666666668,9191.0,11381942274014060842
0,6.583333333333333,27.7,8476.0,11389790283135065359
0,6.083333333333333,28.116666666666667,14000.0,11398131216533925331
0,7.25,27.83333333333333,3414.0,11441448854426556044
0,5.333333333333333,27.45,8309.0,11457040980026529190
0,7.416666666666667,28.866666666666667,6382.0,11463877981887362471
0,5.25,26.866666666666667,17262.0,11494838423297868366
0,6.916666666666667,26.416666666666668,3322.0,11502541507688785255
0,8.583333333333334,26.78333333333333,10416.0,11507681597293278183
0,5.583333333333333,27.08333333333333,4608.0,11507962536600314722
0,5.083333333333333,27.616666666666667,2013.0,11508198097009047510
0,6.333333333333333,27.45,13002.0,11531184972130402134
0,7.75,26.78333333333333,4784.0,11556656932980204030
0,6.166666666666667,27.33333333333333,10596.0,11573800214602344641
0,5.5,27.416666666666668,12265.0,11607631964868437843
0,5.5,27.58333333333333,11653.0,11618097779974573534
0,6.916666666666667,27.166666666666668,16357.0,11744628151594996669
0,7.083333333333333,26.75,14041.0,11750352889969585637
0,7.75,26.866666666666667,9445.0,11755888903649217042
0,12.0,26.0,1843.0,11809596323840985209
0,6.0,27.03333333333333,9701.0,11811721032636603439
0,4.666666666666667,26.45,3363.0,11829349186823137112
0,7.333333333333333,27.53333333333333,4292.0,11856186090183174550
0,6.083333333333333,25.666666666666668,11929.0,11874486772857607558
0,7.75,25.416666666666668,8065.0,11885501176663192839
0,4.083333333333333,27.83333333333333,9267.0,11888245564622201090
0,7.333333333333333,27.95,9492.0,11899535078684268597
0,8.333333333333334,26.866666666666667,8800.0,11922520469886563077
0,3.8333333333333335,27.366666666666667,12390.0,11990416046131887286
0,6.333333333333333,26.28333333333333,10424.0,12004851150064816506
0,7.166666666666667,26.5,5101.0,12022302391854458298
0,11.333333333333334,27.33333333333333,4634.0,12057125225866002495
0,6.166666666666667,27.2,8413.0,12144059624259305924
0,6.416666666666667,27.95,3530.0,12163628491669302556
0,4.916666666666667,26.95,12909.0,12172132834577411093
0,9.5,27.28333333333333,6737.0,12173290729829297463
0,7.666666666666667,26.58333333333333,12333.0,12206210069307053438
0,8.583333333333334,27.25,9316.0,12234026427044566165
0,9.5,26.25,7504.0,12284107348524025869
0,9.166666666666666,27.166666666666668,8533.0,12297551152687548152
0,7.333333333333333,28.45,7822.0,12330157574709758878
0,4.833333333333333,29.28333333333333,14805.0,12343116160503402843
0,7.666666666666667,26.78333333333333,3425.0,12359239785161324013
0,9.25,26.28333333333333,9581.0,12383900258634817716
0,5.416666666666667,28.28333333333333,8119.0,12388259141589400613
0,7.333333333333333,28.58333333333333,3508.0,12409789168030991610
0,8.75,26.7,7255.0,12435969654477255323
0,7.583333333333333,27.95,3973.0,12444182558575937813
0,7.0,26.95,9132.0,12451673362964079094
0,8.666666666666666,28.78333333333333,1527.0,12480429727024352571
0,4.833333333333333,27.03333333333333,10468.0,12483672573310513393
0,7.5,26.45,13888.0,12486416167298227740
0,7.5,26.45,13916.0,12488612021416888454
0,10.0,27.08333333333333,2433.0,12489601889009783739
0,6.5,27.28333333333333,6999.0,12502660685247488411
0,7.5,26.616666666666667,1295.0,12525583187851454916
0,7.5,27.2,5200.0,12556479931306102822
0,6.416666666666667,25.75,6041.0,12611805032553625196
0,5.666666666666667,27.0,12797.0,12657127679539712253
0,8.416666666666666,26.78333333333333,7116.0,12677361572409209396
0,5.333333333333333,27.75,11231.0,12682644409779165272
0,8.166666666666666,28.33333333333333,9557.0,12688835558754417252
0,7.916666666666667,27.03333333333333,6567.0,12702368245098272052
0,6.916666666666667,27.5,6199.0,12718614204893805965
0,6.333333333333333,27.78333333333333,8024.0,12729106406573021545
0,9.833333333333334,26.25,5455.0,12734438107576749024
0,3.25,27.916666666666668,10327.0,12736730900337514100
0,7.916666666666667,28.0,6407.0,12739197031273548344
0,5.583333333333333,27.666666666666668,7864.0,12756069062936818906
0,6.083333333333333,27.83333333333333,11839.0,12764956834692448395
0,7.5,27.366666666666667,6729.0,12767666928785227083
0,7.25,27.08333333333333,13915.0,12830914680448833554
0,6.583333333333333,26.58333333333333,6992.0,12836350243318329045
0,6.75,27.5,8432.0,12850824896021232015
0,8.416666666666666,26.75,6345.0,12862727830529961045
0,5.0,17.7,708.0,12875744005516696917
0,7.333333333333333,27.95,9393.0,12893446853201738411
0,6.583333333333333,26.616666666666667,5832.0,12921805085457257188
0,7.916666666666667,27.03333333333333,3469.0,12957024092216715934
0,4.666666666666667,27.616666666666667,9273.0,12960881155612075364
0,4.583333333333333,27.58333333333333,5094.0,12971652107468080963
0,6.833333333333333,27.366666666666667,8816.0,12978620280214771194
0,6.916666666666667,27.45,7919.0,12979002574743901635
0,4.666666666666667,26.95,11773.0,12994028865111584912
0,7.25,27.866666666666667,4337.0,12995656072967164739
0,8.666666666666666,26.08333333333333,13003.0,13002522877007316041
0,6.916666666666667,28.866666666666667,9161.0,13014232069792319115
0,4.5,24.78333333333333,19960.0,13016579326200343099
0,6.416666666666667,26.53333333333333,10085.0,13016859872228524206
0,6.083333333333333,28.08333333333333,6020.0,13049290067401306327
0,7.083333333333333,26.25,6918.0,13049400720503621978
0,8.583333333333334,27.83333333333333,7964.0,13087083269662434355
0,6.333333333333333,27.116666666666667,2736.0,13145333240889291264
0,7.333333333333333,27.416666666666668,1140.0,13149240183674176432
0,6.25,27.95,2678.0,13161993634297197029
0,8.916666666666666,25.78333333333333,9611.0,13177127576603407805
0,8.916666666666666,26.5,17183.0,13198806055488119683
0,6.5,26.666666666666668,9751.0,13206448200882729449
0,8.75,26.25,7954.0,13213502524124869926
0,5.083333333333333,27.7,13458.0,13227938653430356229
0,8.166666666666666,25.866666666666667,10673.0,13233120536864399857
0,7.333333333333333,27.28333333333333,4146.0,13237712673831260487
0,6.25,26.53333333333333,9299.0,13249647788348167634
0,6.916666666666667,28.33333333333333,6482.0,13323061621464472048
0,5.416666666666667,28.95,3841.0,13327145282388648229
0,8.0,27.366666666666667,10673.0,13339207273792338820
0,6.5,26.366666666666667,8091.0,13340791193201222659
0,9.166666666666666,26.116666666666667,3679.0,13346780717560972831
0,8.166666666666666,26.7,939.0,13370808519384713343
0,7.333333333333333,28.366666666666667,9461.0,13375180560680806149
0,6.0,17.95,959.0,13412321037912823996
0,6.0,26.116666666666667,7420.0,13449343281817400518
0,6.916666666666667,26.25,6161.0,13464339543681980879
0,7.75,25.95,10912.0,13468279759395539791
0,7.25,26.616666666666667,2025.0,13479257413590616489
0,4.833333333333333,26.28333333333333,12666.0,13532032371364844572
0,6.583333333333333,26.866666666666667,9325.0,13552397851020627563
0,7.083333333333333,27.25,20086.0,13580174665891839165
0,9.416666666666666,25.916666666666668,3827.0,13589361849209259048
0,7.416666666666667,27.366666666666667,5239.0,13604205317492067701
0,4.916666666666667,27.2,13031.0,13609549683103662755
0,6.333333333333333,28.03333333333333,7957.0,13613220564732891197
0,7.916666666666667,26.28333333333333,8347.0,13627757931948708919
0,6.75,27.666666666666668,14538.0,13675524557236069348
0,9.0,27.83333333333333,4996.0,13681160030538241138
0,7.583333333333333,26.366666666666667,8452.0,13681324430575399666
0,4.416666666666667,28.5,3111.0,13692922842786630399
0,7.5,29.28333333333333,17545.0,13713449702891591320
0,8.416666666666666,28.03333333333333,9995.0,13721933279774980118
0,6.916666666666667,27.28333333333333,11787.0,13725566228858842118
0,5.0,27.08333333333333,14781.0,13827658413594310863
0,5.75,27.416666666666668,12756.0,9244814779225792210
0,9.833333333333334,26.45,5374.0,9251084965720942673
0,4.416666666666667,27.666666666666668,13347.0,9253998317006874717
0,5.583333333333333,27.0,10673.0,9256047645235533760
0,6.916666666666667,25.2,9795.0,9288569235052076487
0,4.333333333333333,28.2,13934.0,9290546826834334269
0,8.166666666666666,26.45,3642.0,9297296870223784228
0,8.416666666666666,26.45,4640.0,9298245001503765339
0,5.166666666666667,28.75,2160.0,9305642065631027990
0,4.916666666666667,28.33333333333333,8724.0,9309225304092164165
0,8.75,27.25,16818.0,9319180249421972689
0,5.75,28.5,3118.0,9332285394675223122
0,5.0,27.0,17251.0,9333668981100379962
0,4.333333333333333,27.83333333333333,12335.0,9340937161456079960
0,8.166666666666666,26.666666666666668,13727.0,9376407110842577089
0,6.583333333333333,29.03333333333333,13971.0,9377488798592241881
0,5.833333333333333,27.58333333333333,9317.0,9384565923321182465
0,7.416666666666667,27.08333333333333,4539.0,9395547330938157534
0,7.75,27.03333333333333,12925.0,9447534080137822985
0,5.083333333333333,28.08333333333333,13490.0,9476057976865553913
0,5.916666666666667,26.75,7473.0,9485960433259318193
0,7.083333333333333,27.166666666666668,15573.0,9511122205939768027
0,5.333333333333333,27.83333333333333,13266.0,9515607892178477808
0,5.25,28.666666666666668,12666.0,9534806471993885632
0,6.166666666666667,26.53333333333333,8616.0,9603022865641844841
0,6.833333333333333,26.5,7408.0,9605598813782952439
0,8.25,26.58333333333333,8956.0,9607815942581204116
0,6.666666666666667,27.33333333333333,3226.0,9609964009094350905
0,6.333333333333333,27.33333333333333,6671.0,9617395674519620181
0,5.666666666666667,27.416666666666668,9902.0,9631769934406194079
0,6.5,28.166666666666668,10935.0,9633120381526577840
0,8.083333333333334,26.416666666666668,3848.0,9639828297748315944
0,8.083333333333334,26.666666666666668,13063.0,9659379723724965635
0,6.083333333333333,27.416666666666668,9835.0,9668458124067161871
0,4.666666666666667,28.83333333333333,6412.0,9677387011453379766
0,8.75,26.53333333333333,5540.0,9700311708285105703
0,6.833333333333333,27.28333333333333,8947.0,9712774784411310596
0,5.833333333333333,27.03333333333333,14090.0,9719294287653413306
0,8.083333333333334,28.53333333333333,5321.0,9730398341324182109
0,4.416666666666667,25.75,10808.0,9777858391923748976
0,6.5,26.45,7197.0,9780495721948428633
0,7.0,25.7,8725.0,9798164827272411360
0,9.166666666666666,28.5,9007.0,9801127776516604664
0,7.916666666666667,27.75,1953.0,9814759411577815257
0,7.416666666666667,26.7,9527.0,9819515092810566316
0,6.333333333333333,27.916666666666668,15426.0,9828458404289828284
0,5.75,28.58333333333333,7447.0,9841251670608586150
0,5.25,26.83333333333333,8044.0,9870990115780796143
0,5.0,27.45,11162.0,9897582009808093798
0,8.5,25.7,4143.0,9920880897721649664
0,6.416666666666667,25.616666666666667,11578.0,9930530513995404338
0,6.083333333333333,26.83333333333333,4867.0,9947909773924817241
0,4.75,27.33333333333333,15631.0,9967342569330680785
0,6.833333333333333,26.58333333333333,12084.0,9983653834978261034
0,6.166666666666667,27.916666666666668,8010.0,9999675168960522942
